0 100
1 50
2 66.6667
3 50
4 60
5 66.6667
6 71.4286
7 62.5
8 66.6667
9 60
10 63.6364
11 58.3333
12 61.5385
13 64.2857
14 60
15 56.25
16 58.8235
17 61.1111
18 63.1579
19 65
20 66.6667
21 68.1818
22 69.5652
23 70.8333
24 72
25 73.0769
26 74.0741
27 75
28 75.8621
29 76.6667
30 77.4194
31 78.125
32 78.7879
33 79.4118
34 80
35 80.5556
36 81.0811
37 81.5789
38 82.0513
39 82.5
40 82.9268
41 83.3333
42 83.7209
43 84.0909
44 84.4444
45 84.7826
46 85.1064
47 85.4167
48 85.7143
49 86
50 86.2745
51 86.5385
52 86.7925
53 87.037
54 87.2727
55 87.5
56 87.7193
57 87.931
58 88.1356
59 88.3333
60 88.5246
61 88.7097
62 88.8889
63 89.0625
64 89.2308
65 89.3939
66 89.5522
67 89.7059
68 89.8551
69 90
70 90.1408
71 90.2778
72 90.411
73 90.5405
74 90.6667
75 90.7895
76 90.9091
77 91.0256
78 91.1392
79 91.25
80 91.358
81 91.4634
82 91.5663
83 91.6667
84 91.7647
85 91.8605
86 91.954
87 92.0455
88 92.1348
89 92.2222
90 92.3077
91 92.3913
92 92.4731
93 92.5532
94 92.6316
95 92.7083
96 92.7835
97 92.8571
98 92.9293
99 93
